20
30
33
52
79
107
109
123
124
135
138
154
160
177
184
188
194
208
214
217
222
262
263
271
279
283
292
302
308
317
318
328
357
369
377
379
402
408
409
416
422
427
439
462
470
491
495
507
515
518
521
523
543
549
550
565
571
586
593
600
605
608
618
625
631
634
638
639
650
652
666
668
670
672
682
689
695
700
703
708
710
719
735
736
743
747
749
770
772
773
776
784
787
793
798
801
808
818
834
843
849
852
865
870
871
875
878
886
891
894
895
901
906
907
925
946
948
952
974
981
992
1002
1004
1006
1012
1021
1028
1029
1033
1038
1042
1044
1046
1049
1072
1075
1083
1092
1097
1123
1143
1144
1158
1160
1174
1182
1192
1200
1207
1217
1222
1224
1226
1241
1244
1257
1279
1280
1313
1331
1338
1347
1354
1357
1378
1396
1398
1408
1409
1414
1418
1430
1438
1449
1453
1459
1474
1476
1485
1501
1502
1521
1524
1526
1528
1531
1546
1551
1557
1569
1578
1586
1604
1606
1613
1650
1679
1693
1744
1758
1761
1763
1778
1785
1791
1795
1802
1818
1824
1840
1854
1855
1861
1885
1888
1892
1898
1900
1908
1924
1931
1932
1935
1941
1944
1949
1950
1973
1978
1979
1991
1995
2014
2029
2034
2045
2049
2052
2063
2066
2067
2075
2090
2092
2104
2148
2154
2157
2172
2185
2187
2200
2211
2213
2224
2228
2229
2237
2240
2246
2251
2261
2264
2265
2274
2280
2301
2305
2317
2326
2332
2340
2343
2361
2362
2369
2374
2389
2395
2397
2403
2458
2466
2467
2477
2479
2480
2488
2492
2498
2502
2513
2514
2530
2536
2549
2561
2577
2578
2586
2589
2610
2619
2636
2639
2653
2659
2664
2672
2686
2700
2703
2722
2725
2744
2754
2755
2773
2784
2787
2827
2834
2846
2858
2906
2917
2919
2921
2946
2968
2981
2990
2996
3021
3024
3039
3052
3084
3097
3099
3133
3138
3158
3165
3171
3174
3176
3192
3214
3218
3221
3245
3250
3261
3266
3267
3272
3278
3279
3286
3287
3290
3301
3302
3321
3330
3340
3351
3358
3365
3372
3386
3404
3424
3441
3462
3473
3474
3491
3498
3506
3512
3513
3515
3516
3521
3530
3533
3554
3566
3570
3571
3586
3593
3606
3612
3617
3619
3622
3623
3633
3640
3652
3673
3674
3675
3680
3695
3744
3745
3746
3748
3759
3764
3768
3780
3794
3798
3821
3830
3853
3860
3863
3866
3883
3884
3886
3889
3914
3917
3920
3929
3932
3935
3939
3949
3952
3986
3987
3992
3995
4018
4041
4053
4059
4064
4068
4076
4077
4109
4113
4115
4136
4142
4175
4180
4188
4194
4248
4249
4252
4254
4261
4266
4270
4286
4290
4292
4308
4317
4324
4329
4331
4338
4346
4347
4348
4350
4351
4356
4369
4393
4401
4404
4405
4406
4409
4420
4431
4436
4448
4451
4457
4462
4465
4474
4481
4490
4520
4533
4538
4565
4566
4568
4587
4588
4593
4599
4618
4630
4632
4633
4641
4655
4656
4664
4679
4685
4688
4738
4742
4771
4778
4784
4786
4787
4788
4802
4805
4807
4808
4829
4833
4847
4852
4853
4859
4860
4862
4865
4870
4893
4894
4904
4906
4909
4915
4923
4944
4955
4958
4966
4968
5023
5030
5037
5056
5058
5062
5080
5107
5114
5124
5126
5163
5175
5193
5195
5199
5201
5205
5223
5237
5239
5254
5259
5272
5274
5277
5282
5289
5307
5321
5336
5343
5345
5349
5354
5362
5369
5382
5400
5407
5417
5442
5451
5476
5478
5485
5494
5496
5506
5521
5525
5548
5549
5569
5574
5591
5604
5606
5607
5609
5618
5619
5620
5637
5642
5645
5646
5672
5675
5683
5686
5696
5701
5709
5710
5712
5714
5719
5722
5727
5738
5742
5748
5766
5772
5784
5786
5791
5808
5818
5821
5832
5847
5850
5871
5879
5885
5896
5901
5908
5909
5911
5913
5933
5937
5957
5960
5995
6000
6010
6017
6039
6042
6053
6064
6069
6070
6075
6078
6085
6089
6116
6132
6145
6158
6174
6180
6194
6195
6202
6204
6206
6214
6229
6233
6254
6256
6279
6294
6299
6309
6314
6317
6323
6335
6338
6358
6359
6365
6374
6378
6381
6382
6407
6411
6428
6437
6440
6449
6455
6464
6470
6475
6478
6485
6519
6522
6533
6534
6535
6539
6553
6555
6557
6561
6566
6581
6601
6602
6604
6605
6607
6621
6636
6637
6649
6659
6667
6669
6673
6687
6688
6691
6692
6702
6708
6718
6729
6749
6800
6804
6809
6839
6841
6850
6868
6875
6876
6889
6892
6901
6914
6917
6933
6940
6944
6945
6953
6958
6967
6981
6983
6988
7023
7048
7051
7084
7102
7105
7107
7115
7125
7136
7138
7149
7153
7160
7172
7183
7184
7192
7212
7213
7217
7224
7225
7234
7241
7251
7253
7262
7263
7265
7289
7299
7320
7328
7339
7347
7360
7371
7381
7389
7397
7400
7410
7415
7422
7427
7432
7442
7445
7448
7452
7468
7470
7472
7478
7479
7482
7487
7490
7492
7497
7512
7517
7519
7521
7522
7528
7529
7532
7533
7542
7567
7612
7614
7629
7632
7644
7650
7651
7654
7655
7666
7681
7683
7688
7695
7705
7728
7755
7758
7760
7782
7784
7786
7799
7809
7819
7825
7842
7849
7860
7874
7886
7894
7897
7908
7910
7944
7965
7968
7969
7977
7979
7985
7996
8009
8013
8040
8057
8061
8062
8068
8070
8072
8084
8087
8099
8115
8120
8121
8122
8126
8138
8141
8142
8154
8167
8186
8207
8221
8228
8231
8249
8258
8259
8267
8269
8272
8273
8274
8275
8281
8298
8318
8336
8347
8363
8368
8396
8406
8415
8422
8426
8432
8445
8450
8451
8452
8461
8466
8467
8471
8489
8493
8509
8516
8524
8532
8546
8548
8557
8566
8568
8569
8573
8608
8654
8670
8718
8723
8726
8749
8779
8780
8799
8814
8822
8832
8848
8870
8871
8879
8890
8896
8897
8905
8915
8929
8932
8936
8945
8947
8949
8964
8970
8984
8985
8989
8990
8996
9001
9005
9016
9021
9031
9036
9043
9048
9058
9070
9105
9112
9124
9130
9139
9148
9176
9178
9225
9226
9233
9249
9251
9258
9268
9269
9271
9278
9286
9289
9295
9297
9300
9311
9324
9330
9332
9335
9338
9341
9354
9356
9358
9361
9363
9366
9372
9389
9393
9397
9398
9425
9430
9434
9460
9473
9486
9498
9518
9523
9526
9537
9555
9569
9575
9607
9615
9630
9637
9642
9648
9664
9672
9675
9676
9678
9685
9686
9687
9705
9708
9714
9732
9753
9783
9798
9844
9847
9870
9882
9889
9891
9920
9923
9949
9950
9951
9958
9962
9967
9968
9971
9987
9991
9993
9998
10013
10030
10042
10045
10049
10061
10069
10077
10083
10086
10124
10134
10152
10186
10188
10205
10209
10241
10246
10247
10277
10289
10305
10315
10320
10337
10342
10384
10391
10419
10423
10425
10432
10433
10434
10455
10464
10475
10485
10487
10510
10513
10525
10532
10534
10552
10564
10581
10595
10604
10611
10618
10629
10635
10638
10651
10652
10653
10655
10656
10667
10674
10679
10686
10689
10694
10710
10721
10738
10748
10766
10769
10774
10782
10785
10799
10814
10842
10847
10852
10856
10859
10872
10906
10917
10924
10925
10928
10939
10973
10985
10995
11003
11018
11032
11043
11055
11061
11066
11086
11096
11099
11137
11138
11143
11147
11154
11161
11172
11187
11191
11200
11205
11235
11236
11244
11247
11261
11268
11279
11280
11291
11292
11318
11323
11328
11330
11341
11342
11347
11370
11372
11380
11388
11403
11421
11431
11446
11464
11467
11473
11486
11509
11512
11529
11546
11558
11561
11590
11591
11596
11600
11604
11609
11622
11638
11641
11658
11667
11679
11681
11684
11688
11694
11698
11700
11703
11710
11723
11727
11728
11744
11752
11756
11757
11763
11764
11785
11787
11801
11815
11827
11829
11840
11850
11852
11855
11861
11870
11876
11877
11901
11907
11931
11945
11948
11949
11951
11957
11988
11992
11995
11998
12000
12008
12070
12077
12078
12090
12094
12104
12112
12113
12115
12116
12124
12140
12141
12167
12171
12174
12181
12182
12184
12187
12203
12212
12215
12217
12251
12267
12277
12284
12294
12306
12319
12331
12344
12351
12365
12367
12371
12372
12375
12383
12400
12403
12411
12435
12445
12461
12473
12481
12482
12508
12531
12536
12564
12565
12567
12573
12575
12577
12581
12586
12589
12599
12619
12632
12663
12673
12679
12693
12704
12708
12712
12724
12727
12733
12739
12748
12752
12753
12772
12795
12797
12799
12806
12807
12812
12821
12823
12829
12834
12849
12856
12869
12878
12883
12903
12914
12915
12920
12941
12942
12947
12968
12974
12982
12987
13002
13013
13033
13049
13052
13071
13072
13096
13099
13101
13110
13121
13123
13144
13146
13149
13150
13171
13181
13183
13191
13195
13212
13214
13218
13226
13253
13259
13265
13266
13273
13274
13286
13295
13308
13314
13316
13329
13333
13353
13354
13355
13361
13364
13373
13378
13422
13432
13435
13436
13437
13438
13439
13463
13476
13480
13485
13489
13501
13508
13532
13536
13561
13564
13569
13570
13582
13593
13599
13600
13615
13628
13640
13646
13649
13667
13668
13689
13705
13715
13716
13719
13720
13728
13731
13739
13752
13754
13759
13772
13782
13793
13818
13830
13837
13839
13844
13850
13852
13854
13868
13902
13927
13948
13970
13973
13993
14005
14014
14019
14034
14036
14037
14050
14054
14057
14058
14059
14070
14079
14096
14098
14104
14123
14131
14161
14167
14168
14174
14186
14189
14190
14197
14204
14205
14233
14240
14245
14251
14263
14266
14279
14286
14297
14298
14299
14321
14322
14325
14328
14330
14346
14386
14391
14448
14458
14469
14478
14486
14495
14497
14506
14520
14524
14529
14532
14533
14539
14542
14544
14551
14561
14579
14584
14592
14603
14622
14626
14651
14664
14669
14679
14692
14702
14703
14714
14728
14749
14755
14761
14763
14766
14772
14780
14784
14793
14822
14824
14828
14836
14855
14857
14863
14865
14873
14884
14897
14898
14899
14900
14909
14918
14919
14922
14932
14935
14936
14938
14946
14947
14953
14975
14982
14995
15013
15021
15026
15052
15055
15079
15082
15093
15110
15124
15128
15141
15144
15150
15168
15181
15185
15198
15208
15218
15226
15243
15254
15266
15268
15270
15279
15298
15301
15302
15303
15308
15315
15329
15333
15361
15369
15382
15385
15426
15458
15461
15464
15465
15470
15480
15488
15490
15509
15514
15524
15531
15545
15557
15558
15563
15567
15569
15583
15595
15610
15619
15624
15625
15631
15632
15640
15645
15652
15654
15669
15679
15683
15684
15687
15701
15703
15716
15725
15727
15733
15749
15769
15770
15775
15809
15810
15817
15821
15831
15838
15841
15852
15877
15883
15885
15900
15902
15903
15904
15911
15917
15924
15929
15963
15964
15965
15974
15982
15997
16002
16013
16019
16024
16032
16046
16063
16071
16076
16088
16112
16117
16121
16122
16127
16129
16139
16161
16164
16172
16192
16196
16199
16210
16216
16236
16256
16258
16275
16279
16280
16286
16296
16322
16336
16337
16343
16352
16353
16360
16365
16373
16391
16392
16399
16423
16436
16447
16455
16463
16490
16499
16504
16511
16516
16533
16550
16552
16560
16561
16565
16568
16581
16607
16608
16619
16639
16640
16642
16666
16677
16684
16685
16691
16709
16715
16723
16727
16740
16748
16775
16776
16798
16804
16806
16810
16821
16827
16839
16849
16853
16856
16864
16873
16874
16876
16881
16909
16916
16924
16927
16949
16961
16967
16992
17002
17018
17021
17026
17028
17038
17041
17054
17058
17069
17072
17075
17083
17092
17097
17105
17112
17122
17128
17133
17145
17152
17182
17196
17216
17231
17236
17246
17260
17262
17280
17285
17286
17290
17293
17299
17300
17313
17318
17337
17344
17366
17372
17394
17401
17412
17419
17421
17423
17440
17443
17451
17456
17457
17472
17483
17488
17497
17516
17522
17539
17557
17582
17589
17616
17617
17629
17646
17663
17666
17671
17674
17690
17691
17696
17697
17702
17712
17727
17735
17736
17743
17748
17753
17761
17764
17765
17774
17775
17785
17791
17795
17798
17803
17807
17808
17810
17812
17814
17822
17828
17847
17848
17865
17875
17882
17913
17920
17929
17944
17948
17954
17959
17976
17997
18035
18088
18108
18123
18126
18139
18166
18167
18169
18200
18219
18225
18229
18239
18248
18254
18264
18269
18280
18300
18322
18333
18357
18358
18365
18376
18377
18393
18401
18402
18403
18413
18429
18469
18487
18489
18498
18516
18524
18535
18546
18568
18584
18595
18597
18614
18615
18621
18624
18626
18633
18642
18643
18676
18681
18685
18687
18688
18689
18695
18696
18711
18727
18733
18738
18739
18740
18786
18812
18815
18818
18837
18846
18852
18875
18892
18896
18910
18921
18928
18942
18952
18962
18970
18971
18975
18982
18988
18995
18996
18998
19005
19012
19016
19029
19031
19038
19040
19053
19055
19059
19087
19093
19099
19102
19125
19145
19169
19208
19213
19218
19220
19233
19246
19248
19265
19296
19297
19309
19311
19330
19333
19338
19342
19344
19346
19364
19371
19372
19405
19411
19412
19418
19430
19442
19445
19453
19465
19484
19513
19523
19538
19563
19578
19598
19603
19604
19608
19618
19620
19624
19634
19640
19644
19649
19655
19675
19685
19700
19718
19726
19733
19734
19757
19765
19769
19771
19811
19815
19817
19827
19834
19848
19866
19872
19891
19898
19918
19931
19936
19938
19947
19965
19975
19977
19980
19981
19999
20013
20060
20062
20071
20101
20115
20124
20128
20129
20132
20172
20181
20190
20238
20242
20246
20263
20268
20303
20312
20316
20324
20327
20345
20354
20372
20375
20389
20403
20407
20410
20448
20450
20459
20471
20474
20476
20479
20486
20545
20546
20564
20575
20577
20582
20589
20612
20624
20643
20658
20677
20678
20679
20689
20704
20705
20726
20742
20748
20763
20766
20789
20794
20795
20801
20840
20846
20848
20856
20858
20860
20865
20900
20919
20922
20923
20929
20936
20940
20966
20968
20984
20986
20990
21002
21011
21013
21025
21030
21048
21050
21071
21072
21081
21088
21090
21108
21115
21123
21138
21139
21151
21152
21155
21156
21161
21162
21179
21187
21192
21202
21219
21242
21244
21247
21258
21265
21270
21271
21275
21305
21308
21317
21318
21321
21323
21328
21334
21349
21373
21397
21416
21419
21431
21438
21443
21447
21448
21449
21460
21481
21483
21484
21496
21504
21507
21517
21521
21538
21543
21559
21561
21570
21575
21580
21584
21630
21642
21663
21666
21667
21673
21688
21706
21709
21710
21730
21734
21766
21769
21771
21775
21786
21792
21797
21805
21809
21811
21817
21845
21857
21860
21873
21876
21900
21901
21910
21920
21939
21965
21968
21974
21975
21986
22017
22018
22039
22049
22068
22071
22077
22104
22120
22122
22130
22134
22138
22152
22156
22159
22165
22180
22181
22200
22207
22218
22221
22225
22231
22241
22242
22281
22285
22289
22298
22303
22304
22306
22322
22326
22335
22336
22337
22339
22348
22354
22364
22365
22373
22383
22384
22389
22393
22401
22414
22418
22423
22429
22438
22450
22461
22462
22466
22491
22495
22496
22499
22505
22508
22537
22550
22557
22565
22577
22584
22585
22588
22600
22603
22606
22616
22642
22648
22657
22664
22669
22673
22687
22718
22731
22735
22752
22766
22771
22774
22782
22788
22791
22795
22801
22804
22809
22817
22836
22859
22879
22880
22888
22904
22908
22918
22921
22930
22932
22933
22937
22954
22956
22960
22961
22962
22980
22983
23001
23015
23020
23028
23030
23034
23038
23042
23047
23048
23060
23061
23065
23085
23091
23097
23100
23105
23120
23126
23130
23132
23150
23154
23162
23178
23180
23193
23200
23201
23238
23270
23291
23292
23298
23299
23318
23321
23325
23336
23339
23344
23351
23363
23368
23371
23380
23384
23390
23401
23413
23440
23448
23450
23451
23456
23459
23468
23470
23474
23503
23510
23529
23539
23550
23552
23568
23575
23577
23578
23580
23584
23590
23591
23594
23599
23603
23613
23617
23619
23620
23626
23627
23637
23652
23657
23666
23673
23674
23675
23677
23687
23693
23696
23707
23749
23761
23762
23771
23778
23780
23782
23790
23811
23824
23826
23869
23876
23888
23890
23893
23895
23907
23922
23929
23933
23934
23959
24004
24018
24030
24042
24063
24064
24076
24084
24099
24123
24129
24133
24142
24152
24157
24177
24185
24218
24227
24228
24232
24238
24242
24244
24276
24281
24282
24283
24289
24308
24320
24327
24357
24387
24411
24417
24431
24438
24443
24446
24447
24455
24457
24460
24461
24475
24477
24508
24514
24532
24547
24548
24556
24559
24560
24562
24567
24569
24573
24591
24597
24605
24609
24626
24666
24690
24693
24711
24730
24746
24748
24792
24793
24799
24804
24807
24810
24822
24825
24828
24856
24860
24876
24897
24899
24902
24922
24923
24924
24925
24927
24942
24949
24958
24967
24975
24979
24984
24986
25006
25016
25017
25024
25030
25039
25049
25058
25073
25081
25104
25107
25111
25115
25117
25131
25140
25141
25167
25168
25171
25174
25178
25189
25197
25203
25207
25222
25225
25228
25229
25234
25255
25271
25284
25297
25299
25304
25313
25318
25326
25328
25329
25354
25356
25367
25372
25373
25400
25404
25428
25446
25452
25466
25471
25505
25506
25522
25528
25553
25557
25574
25575
25581
25585
25602
25603
25610
25621
25627
25630
25635
25658
25659
25664
25668
25699
25708
25724
25725
25729
25741
25757
25759
25770
25772
25800
25835
25851
25858
25860
25862
25882
25886
25915
25939
25949
25954
25987
25988
25989
26018
26024
26037
26039
26043
26054
26055
26063
26069
26079
26085
26087
26094
26097
26105
26109
26133
26134
26136
26151
26156
26192
26211
26212
26219
26221
26228
26233
26256
26267
26270
26271
26277
26285
26296
26300
26303
26306
26318
26351
26356
26380
26381
26382
26391
26395
26398
26399
26421
26435
26446
26459
26467
26472
26480
26494
26502
26504
26506
26511
26519
26523
26568
26575
26576
26579
26594
26628
26632
26637
26639
26661
26673
26688
26693
26695
26698
26709
26710
26711
26712
26714
26715
26732
26734
26737
26747
26761
26769
26771
26781
26827
26845
26863
26868
26897
26926
26964
26978
26990
27022
27026
27060
27084
27106
27119
27132
27147
27148
27155
27162
27172
27177
27185
27192
27193
27194
27195
27197
27200
27202
27212
27213
27215
27232
27241
27245
27266
27282
27326
27337
27338
27343
27351
27367
27374
27379
27423
27425
27428
27429
27434
27436
27446
27456
27463
27504
27530
27539
27540
27542
27551
27554
27555
27585
27616
27636
27638
27639
27648
27661
27677
27687
27689
27691
27695
27696
27697
27710
27800
27801
27823
27829
27833
27842
27845
27860
27861
27884
27887
27890
27891
27910
27927
27953
27961
27962
27969
27971
27981
28037
28039
28044
28048
28052
28061
28073
28075
28077
28079
28083
28085
28089
28094
28095
28149
28166
28172
28180
28187
28189
28221
28260
28270
28281
28338
28339
28340
28354
28364
28386
28416
28423
28461
28496
28499
28505
28507
28508
28510
28511
28514
28525
28530
28531
28541
28594
28611
28616
28625
28627
28628
28629
28644
28660
28671
28684
28698
28702
28706
28707
28758
28762
28765
28772
28774
28775
28777
28785
28789
28806
28808
28813
28827
28868
28869
28875
28882
28883
28897
28901
28902
28903
28905
28909
28910
28920
28927
28930
28941
28955
28961
29027
29035
29043
29049
29057
29066
29073
29093
29102
29106
29116
29120
29125
29127
29137
29167
29199
29215
29216
29262
29270
29299
29336
29337
29343
29358
29377
29411
29426
29463
29466
29470
29477
29478
29493
29503
29507
29509
29511
29527
29529
29530
29541
29544
29569
29570
29573
29576
29581
29619
29620
29622
29660
29664
29678
29697
29712
29767
29769
29770
29799
29826
29829
29840
29862
29866
29869
29871
29872
29875
29878
29884
29937
29946
29961
29968
29969
29972
30011
30019
30026
30047
30054
30071
30142
30143
30144
30149
30160
30170
30183
30208
30214
30220
30222
30225
30234
30243
30296
30297
30322
30349
30376
30410
30436
30457
30464
30477
30484
30486
30509
30538
30542
30543
30552
30575
30582
30589
30591
30601
30606
30616
30637
30640
30647
30660
30669
30670
30671
30733
30775
30785
30790
30820
30822
30829
30851
30855
30887
30911
30956
31015
31019
31021
31029
31032
31034
31054
31056
31057
31058
31060
31061
31106
31127
31128
31135
31136
31140
31141
31163
31167
31170
31171
31187
31191
31198
31203
31206
31236
31260
31279
31284
31290
31321
31336
31374
31400
31405
31442
31470
31511
31525
31536
31559
31574
31585
31610
31618
31620
31621
31633
31648
31649
31651
31683
31684
31692
31717
31770
31911
31912
31942
31965
31973
31977
31989
31993
31994
32005
32012
32013
32020
32047
32064
32067
32068
32082
32083
32084
32085
32125
32160
32166
32168
32169
32179
32193
32194
32195
32197
32210
32225
32247
32249
32285
32288
32293
32303
32361
32373
32377
32380
32420
32421
32434
32436
32438
32442
32447
32458
32460
32474
32511
32513
32536
32548
32555
32582
32605
32628
32629
32670
32671
32701
32708
32711
32763
32796
32797
32805
40000
40033
40042
40057
40059
40068
40161
40179
40189
40200
40213
40236
40241
40299
40305
40317
40337
40347
40352
40370
40387
40412
40425
40435
40460
40463
40472
40474
40477
40569
40577
40580
40601
40673
40694
40715
40723
40724
40736
40744
40745
40767
40822
40826
40882
40897
40904
40911
40929
40934
40940
40950
40972
40999
41022
41031
41034
41035
41055
41067
41078
41107
41154
41163
41192
41199
41204
41217
41257
41279
41350
41359
41371
41405
41408
41441
41446
41447
41517
41525
41588
41589
41596
41653
41682
41702
41710
41724
41733
41758
41768
41783
41795
41823
41830
41874
41890
41897
41902
41929
41956
41958
41976
41981
42033
42035
42071
42073
42075
42124
42131
42141
42155
42185
42197
42199
42203
42210
42211
42232
42236
42255
42261
42274
42302
42310
42311
42327
42367
42385
42397
42402
42405
42410
42434
42438
42444
42468
42477
42509
42525
42530
42545
42591
42609
42685
42694
42696
42725
42728
42781
42792
42809
42819
42820
42829
42851
42854
42858
42875
42898
42904
42926
42937
42961
42970
42995
43033
43084
43086
43089
43098
43115
43116
43121
43150
43165
43206
43220
43233
43274
43359
43383
43400
43426
43439
43446
43447
43450
43472
43482
43484
43501
43520
43529
43551
43559
43563
43571
43585
43601
43624
43632
43634
43664
43673
43676
43736
43737
43738
43741
43770
43774
43798
43827
43837
43870
43917
43961
43983
44036
44061
44083
44115
44126
44153
44166
44234
44248
44255
44277
44326
44340
44373
44427
44437
44486
44500
44521
44532
44534
44539
44553
44586
44597
44600
44622
44624
44666
44685
44715
44735
44741
44742
44748
44751
44763
44773
44781
44784
44787
44789
44799
44827
44829
44920
44941
44969
44979
45124
45127
45132
45138
45141
45152
45176
45180
45186
45226
45232
45300
45309
45310
45317
45320
45321
45329
45346
45355
45431
45492
45542
45580
45583
45601
45608
45619
45655
45657
45684
45703
45709
45719
45736
45768
45770
45797
45801
45805
45838
45851
45866
45910
45918
45962
45979
46034
46041
46057
46063
46067
46081
46092
46109
46116
46123
46148
46154
46156
46163
46197
46201
46205
46223
46228
46237
46242
46254
46260
46262
46268
46287
46297
46305
46320
46380
46429
46446
46480
46497
46502
46534
46550
46551
46566
46608
46611
46641
46642
46667
46695
46723
46776
46781
46796
46809
46837
46851
46858
46884
46926
46927
46936
46968
47013
47045
47058
47132
47137
47216
47232
47233
47234
47255
47266
47270
47275
47288
47289
47326
47335
47398
47410
47420
47430
47453
47477
47478
47543
47546
47547
47563
47569
47613
47637
47660
47677
47709
47724
47731
47733
47747
47757
47758
47795
47808
47814
47816
47827
47858
47874
47887
47892
47918
47937
47949
47963
47967
47978
47980
47983
47989
48011
48032
48037
48038
48056
48058
48118
48121
48159
48196
48212
48217
48239
48253
48267
48281
48297
48314
48327
48340
48342
48351
48380
48388
48397
48414
48425
48479
48498
48504
48514
48523
48536
48542
48546
48556
48580
48637
48640
48647
48690
48701
48707
48732
48734
48736
48770
48774
48777
48827
48843
48872
48882
48895
48915
48958
49024
49037
49038
49053
49058
49067
49068
49106
49118
49140
49144
49168
49191
49224
49245
49255
49268
49328
49340
49367
49377
49380
49392
49407
49431
49480
49499
49500
49520
49534
49545
49554
49555
49556
49578
49583
49586
49604
49611
49613
49622
49649
49650
49723
49739
49747
49788
49836
49840
49844
49868
49872
49925
49970
49976
50004
50006
50026
50034
50041
50079
50093
50094
50130
50161
50178
50191
50197
50201
50273
50289
50302
50315
50337
50370
50384
50385
50417
50424
50450
50480
50484
50486
50532
50537
50547
50567
50603
50620
50624
50634
50643
50664
50721
50735
50744
50770
50772
50816
50817
50822
50827
50847
50863
50880
50883
50885
50888
50899
50941
50976
50984
50987
50991
51013
51017
51045
51064
51072
51078
51082
51086
51109
51145
51179
51188
51203
51226
51277
51291
51301
51321
51327
51337
51343
51359
51374
51393
51424
51451
51459
51482
51484
51490
51506
51542
51545
51577
51596
51628
51635
51724
51728
51754
51790
51795
51798
51805
51821
51856
51858
51863
51864
51871
51891
51909
51936
51951
51966
51985
51986
51992
52021
52057
52068
52084
52087
52094
52109
52172
52191
52197
52205
52238
52260
52264
52269
52296
52298
52302
52307
52329
52370
52420
52436
52453
52478
52503
52529
52532
52547
52550
52556
52566
52574
52582
52593
52620
52622
52641
52642
52647
52666
52680
52696
52697
52710
52728
52736
52740
52746
52750
52766
52779
52808
52815
52816
52846
52867
52872
52876
52898
52899
52932
52934
52974
52978
52996
53013
53014
53015
53019
53036
53084
53102
53119
53176
53191
53193
53216
53228
53238
53247
53252
53282
53290
53321
53322
53342
53348
53355
53404
53417
53425
53435
53451
53462
53541
53548
53567
53594
53596
53608
53609
53632
53636
53639
53663
53669
53724
53731
53759
53806
53821
53822
53833
53842
53845
53865
53866
53875
53876
53878
53978
54005
54020
54043
54050
54073
54088
54090
54096
54120
54124
54134
54147
54153
54174
54191
54197
54209
54241
54305
54385
54386
54397
54444
54470
54523
54586
54600
54610
54613
54639
54641
54660
54663
54675
54681
54683
54716
54736
54757
54775
54822
54823
54826
54900
54904
54911
54922
54935
54958
54961
54969
54987
54994
55022
55030
55069
55083
55090
55094
55121
55122
55193
55201
55204
55219
55247
55260
55263
55332
55337
55357
55363
55365
55393
55402
55446
55523
55545
55559
55563
55591
55597
55601
55611
55624
55657
55677
55679
55682
55716
55722
55725
55729
55730
55731
55753
55772
55821
55841
55853
55886
55901
55909
55920
55921
55922
55963
55973
55987
55992
56060
56128
56155
56179
56187
56201
56224
56227
56229
56243
56269
56287
56289
56290
56319
56322
56361
56364
56391
56440
56449
56460
56549
56562
56583
56634
56678
56740
56746
56751
56772
56796
56798
56819
56840
56854
56878
56880
56890
56963
56986
56988
57001
57023
57056
57073
57091
57093
57100
57105
57130
57157
57158
57171
57199
57208
57220
57255
57276
57283
57306
57314
57330
57443
57476
57485
57489
57507
57511
57528
57535
57562
57568
57585
57619
57678
57686
57697
57767
57774
57815
57853
57878
57899
57904
57905
57907
57935
57968
57997
58008
58010
58063
58099
58102
58113
58128
58135
58144
58163
58205
58218
58237
58238
58242
58247
58264
58269
58270
58286
58300
58303
58313
58321
58327
58337
58371
58392
58416
58438
58475
58501
58508
58526
58570
58574
58586
58616
58617
58631
58634
58662
58668
58732
58740
58757
58773
58792
58903
58917
58967
58975
58993
59004
59039
59049
59053
59073
59085
59087
59102
59120
59135
59158
59161
59186
59198
59199
59201
59210
59215
59222
59225
59227
59268
59276
59290
59307
59314
59347
59364
59375
59381
59411
59447
59448
59462
59505
59507
59513
59543
59546
59585
59590
59669
59674
59701
59710
59720
59726
59757
59761
59783
59788
59789
59795
59807
59828
59833
59844
59864
59870
59883
59886
59889
59907
59918
59924
59936
59960
59964
59991
60034
60038
60048
60049
60072
60104
60118
60122
60130
60169
60170
60180
60181
60207
60226
60262
60274
60294
60295
60303
60325
60341
60343
60380
60393
60409
60419
60424
60436
60441
60518
60531
60550
60659
60685
60727
60735
60739
60747
60753
60767
60775
60783
60798
60829
60850
60919
60929
60949
60958
60975
60977
60983
60987
61030
61095
61132
61156
61157
61170
61182
61195
61196
61207
61213
61248
61282
61295
61316
61390
61406
61434
61472
61492
61519
61538
61568
61569
61574
61590
61591
61619
61620
61630
61642
61648
61658
61663
61742
61748
61764
61771
61823
61828
61833
61835
61846
61876
61877
61913
61928
61932
61943
61949
61980
61991
62032
62126
62183
62186
62194
62215
62232
62248
62254
62259
62284
62295
62298
62305
62323
62380
62389
62415
62447
62457
62466
62478
62497
62514
62515
62522
62530
62538
62543
62561
62603
62606
62608
62613
62622
62641
62646
62647
62650
62674
62681
62684
62693
62699
62722
62750
62782
62795
62798
62824
62829
62833
62835
62841
62913
62917
62919
62926
62937
62965
62974
63003
63017
63039
63053
63059
63063
63074
63116
63130
63131
63133
63145
63173
63187
63201
63220
63238
63249
63272
63290
63320
63327
63368
63402
63444
63447
63456
63461
63467
63482
63486
63489
63492
63496
63499
63507
63512
63525
63541
63544
63552
63559
63563
63598
63621
63628
63646
63660
63683
63700
63701
63710
63733
63750
63762
63764
63773
63865
63878
63898
63899
63922
63925
63934
63952
63958
63961
63987
63992
64008
64025
64026
64067
64083
64089
64099
64112
64120
64136
64145
64150
64160
64191
64192
64194
64195
64230
64253
64260
64277
64296
64298
64334
64361
64368
64377
64411
64450
64459
64491
64519
64538
64557
64558
64601
64621
64652
64663
64687
64700
64701
64719
64752
64771
64785
64798
64830
64845
64846
64906
64916
64925
64927
64944
64969
64970
64996
65006
65013
65033
65052
65055
65097
65147
65176
65180
65240
65256
65263
65268
65342
65393
65401
65404
65421
65425
65448
65476
65490
65516
65527
65535
65537
65565
65570
65575
65604
65611
65634
65636
65645
65652
65656
65665
65675
65689
65703
65728
65760
65810
65824
65835
65843
65890
65893
65925
65951
65970
65979
66031
66033
66055
66061
66072
66093
66105
66152
66157
66184
66189
66208
66213
66217
66228
66244
66264
66280
66288
66311
66322
66326
66338
66346
66365
66424
66437
66473
66474
66483
66504
66507
66530
66559
66566
66580
66595
66677
66682
66692
66710
66720
66727
66772
66786
66807
66822
66831
66859
66878
66880
66892
66903
66936
66955
67017
67050
67058
67072
67101
67111
67112
67154
67172
67213
67223
67227
67239
67283
67284
67301
67323
67341
67344
67347
67348
67367
67377
67380
67384
67386
67413
67415
67446
67451
67461
67468
67511
67589
67617
67619
67633
67636
67639
67651
67659
67675
67684
67689
67696
67711
67718
67722
67735
67744
67763
67771
67788
67796
67803
67821
67831
67853
67931
67996
68003
68036
68065
68094
68095
68116
68126
68127
68128
68172
68228
68231
68251
68268
68297
68299
68300
68307
68344
68356
68396
68425
68435
68439
68450
68453
68457
68464
68533
68543
68564
68589
68607
68623
68624
68629
68663
68703
68736
68744
68780
68785
68806
68824
68857
68875
68890
68902
68911
68915
68916
68949
68956
68980
68991
69006
69011
69039
69047
69052
69081
69082
69088
69118
69138
69144
69146
69170
69182
69194
69215
69219
69233
69251
69293
69339
69343
69344
69351
69352
69411
69434
69464
69465
69483
69498
69501
69512
69522
69531
69537
69559
69563
69578
69579
69615
69620
69650
69654
69684
69693
69694
69696
69763
69776
69778
69786
69857
69871
69891
69905
70016
70026
70097
70104
70115
70119
70142
70148
70150
70180
70184
70210
70212
70252
70261
70273
70313
70329
70330
70355
70359
70368
70386
70393
70396
70420
70425
70427
70469
70485
70494
70496
70499
70500
70505
70508
70516
70534
70563
70572
70576
70592
70609
70617
70628
70715
70717
70723
70740
70763
70764
70786
70795
70807
70838
70854
70886
70922
70933
70974
70989
71011
71025
71059
71070
71091
71108
71117
71142
71169
71184
71190
71193
71194
71213
71219
71244
71262
71304
71311
71336
71353
71375
71414
71458
71477
71496
71514
71527
71531
71545
71586
71616
71645
71660
71702
71707
71735
71764
71808
71848
71857
71869
71872
71880
71940
71962
71986
71988
72000
72017
72032
72040
72043
72048
72091
72095
72107
72113
72146
72172
72189
72196
72203
72236
72248
72282
72287
72308
72314
72327
72350
72358
72377
72402
72416
72424
72426
72455
72482
72545
72554
72562
72571
72627
72644
72666
72671
72678
72723
72766
72779
72790
72797
72823
72847
72885
72908
72914
72930
72931
72941
72992
72998
73055
73063
73068
73076
73090
73124
73126
73129
73134
73175
73190
73224
73231
73249
73265
73302
73322
73376
73384
73398
73409
73429
73460
73471
73479
73504
73540
73546
73582
73608
73611
73614
73648
73682
73683
73684
73693
73702
73713
73749
73755
73756
73760
73770
73811
73816
73867
73884
73893
73896
73902
73946
73955
73979
74032
74039
74046
74188
74211
74215
74220
74223
74230
74260
74289
74319
74332
74354
74364
74379
74386
74397
74418
74419
74426
74438
74454
74463
74482
74486
74493
74533
74546
74578
74618
74626
74630
74639
74640
74683
74696
74701
74711
74733
74779
74805
74816
74820
74835
74860
74889
74899
74913
74924
74955
74964
74967
74976
74982
75001
75013
75023
75034
75051
75061
75071
75100
75107
75114
75142
75170
75200
75223
75244
75326
75333
75347
75355
75360
75369
75371
75403
75536
75557
75576
75618
75631
75638
75658
75666
75668
75670
75696
75764
75772
75775
75793
75800
75826
75856
75865
75894
75919
75929
75960
75966
76001
76008
76012
76028
76034
76066
76074
76096
76109
76116
76134
76151
76154
76165
76173
76186
76191
76193
76237
76253
76257
76261
76265
76318
76319
76327
76332
76390
76392
76418
76435
76450
76476
76477
76480
76514
76558
76561
76589
76594
76637
76659
76670
76675
76676
76698
76709
76711
76780
76801
76802
76803
76811
76812
76841
76844
76876
76886
76896
76899
76925
76930
76945
76955
76957
76968
76974
76988
76990
77010
77011
77037
77053
77129
77131
77135
77203
77206
77213
77220
77242
77259
77280
77301
77310
77312
77330
77341
77383
77413
77478
77484
77487
77524
77526
77532
77537
77543
77553
77595
77665
77729
77771
77772
77787
77804
77815
77826
77834
77836
77847
77882
77927
77947
77951
77975
78007
78009
78023
78076
78100
78101
78117
78145
78155
78158
78168
78182
78214
78226
78293
78306
78308
78318
78325
78336
78342
78346
78356
78366
78368
78375
78410
78419
78424
78463
78473
78476
78481
78487
78505
78506
78556
78557
78565
78615
78641
78685
78691
78693
78716
78779
78782
78839
78879
78891
78892
78911
78939
78948
78966
78979
79016
79038
79050
79051
79081
79084
79090
79126
79137
79154
79163
79184
79210
79228
79249
79306
79308
79310
79330
79358
79372
79396
79413
79414
79422
79423
79425
79427
79437
79452
79532
79538
79551
79556
79574
79575
79626
79671
79678
79694
79754
79762
79808
79814
79875
79876
79894
79962
79976
79998
80015
80030
80046
80081
80105
80106
80132
80134
80136
80142
80156
80162
80163
80180
80190
80209
80220
80254
80260
80286
80287
80334
80350
80423
80430
80436
80442
80472
80497
80536
80547
80587
80602
80606
80678
80726
80729
80744
80767
80778
80789
80790
80843
80847
80880
80903
80942
80985
81007
81025
81041
81058
81067
81083
81150
81166
81167
81193
81194
81202
81212
81216
81229
81233
81237
81247
81334
81342
81349
81354
81371
81378
81387
81405
81408
81410
81432
81443
81449
81464
81475
81478
81480
81491
81515
81519
81535
81536
81543
81560
81583
81633
81660
81661
81662
81675
81745
81750
81754
81758
81763
81766
81787
81797
81807
81810
81815
81817
81818
81827
81846
81848
81866
81871
81875
81876
81893
81918
81926
81978
81980
81990
82000
82003
82015
82041
82065
82079
82111
82128
82130
82132
82178
82184
82187
82195
82238
82290
82299
82338
82360
82375
82393
82432
82433
82481
82482
82496
82518
82545
82579
82599
82641
82681
82685
82694
82746
82759
82799
82831
82843
82901
82921
82938
82939
82950
82960
82973
83013
83060
83065
83120
83122
83124
83128
83182
83210
83224
83225
83263
83272
83278
83288
83310
83324
83338
83393
83401
83406
83418
83430
83441
83464
83498
83499
83532
83537
83542
83555
83584
83599
83607
83629
83653
83678
83692
83700
83702
83728
83734
83749
83751
83752
83794
83831
83857
83860
83892
83932
83947
83962
83976
84020
84042
84063
84071
84084
84089
84107
84120
84137
84142
84187
84223
84286
84307
84310
84329
84332
84347
84350
84362
84392
84402
84454
84461
84469
84473
84478
84479
84495
84499
84544
84601
84603
84629
84632
84633
84669
84734
84748
84749
84766
84842
84845
84874
84875
84886
84891
84909
84938
84952
84958
84998
85011
85025
85036
85039
85042
85079
85095
85138
85160
85163
85181
85196
85202
85205
85235
85258
85291
85293
85327
85402
85407
85417
85421
85424
85441
85460
85489
85508
85519
85533
85541
85552
85559
85562
85572
85575
85607
85615
85620
85639
85649
85655
85658
85673
85685
85698
85700
85725
85802
85866
85885
85892
85899
85929
85938
85962
85976
85979
85980
85987
85994
86018
86041
86068
86078
86086
86090
86108
86137
86144
86148
86209
86210
86220
86254
86279
86300
86348
86359
86377
86382
86383
86392
86394
86402
86428
86487
86502
86511
86516
86546
86556
86570
86585
86590
86645
86648
86662
86678
86692
86711
86719
86722
86773
86805
86831
86845
86880
86907
86921
86934
86948
86976
86980
86984
87018
87049
87074
87082
87133
87161
87172
87187
87228
87247
87251
87259
87266
87275
87283
87308
87310
87336
87344
87394
87461
87470
87474
87498
87552
87566
87577
87605
87608
87621
87630
87640
87659
87675
87683
87687
87692
87789
87800
87864
87876
87879
87891
87905
87913
87936
87948
87949
87969
87975
87976
87992
88065
88089
88106
88111
88112
88117
88146
88152
88164
88175
88202
88206
88220
88236
88258
88265
88269
88276
88286
88296
88308
88325
88343
88401
88407
88432
88445
88466
88471
88472
88481
88503
88514
88531
88532
88552
88560
88591
88632
88647
88685
88691
88695
88702
88726
88734
88747
88764
88809
88817
88851
88883
88911
88937
88994
89002
89012
89026
89046
89091
89095
89107
89132
89137
89179
89180
89192
89197
89212
89223
89232
89265
89287
89291
89297
89303
89329
89336
89347
89356
89405
89415
89416
89447
89460
89481
89502
89544
89563
89585
89600
89689
89697
89717
89721
89755
89772
89797
89802
89811
89849
89854
89870
89895
89900
89901
89906
89909
89914
89956
89965
89984
89996
90012
90021
90026
90032
90036
90075
90142
90165
90173
90195
90198
90208
90211
90228
90238
90256
90269
90296
90350
90373
90392
90396
90398
90403
90418
90460
90474
90479
90484
90495
90522
90533
90541
90546
90549
90560
90566
90605
90607
90628
90629
90658
90663
90676
90677
90700
90729
90789
90800
90814
90834
90846
90878
90889
90902
90910
90917
90944
90962
90972
90990
91004
91018
91031
91038
91103
91136
91200
91210
91221
91234
91258
91284
91309
91332
91350
91383
91437
91463
91469
91470
91511
91531
91549
91558
91561
91580
91581
91616
91669
91672
91703
91705
91712
91765
91790
91802
91841
91855
91872
91881
91887
91904
91907
91939
91978
92001
92036
92052
92055
92057
92066
92095
92105
92107
92117
92137
92166
92175
92201
92212
92239
92247
92252
92273
92278
92292
92317
92323
92326
92336
92381
92420
92455
92464
92475
92487
92525
92578
92585
92613
92629
92631
92651
92698
92787
92801
92816
92820
92839
92843
92846
92886
92916
92974
92982
92994
92999
93033
93039
93054
93056
93062
93077
93078
93088
93123
93142
93155
93206
93209
93229
93272
93299
93301
93336
93360
93379
93387
93388
93390
93392
93408
93411
93432
93435
93458
93462
93467
93479
93500
93504
93505
93517
93525
93557
93560
93564
93566
93567
93578
93581
93587
93596
93602
93610
93623
93633
93637
93640
93648
93653
93662
93671
93717
93718
93721
93774
93784
93788
93814
93833
93836
93870
93874
93923
93950
93966
93975
93991
94007
94024
94046
94072
94084
94085
94105
94113
94147
94162
94195
94216
94220
94234
94241
94255
94300
94301
94312
94329
94378
94385
94401
94422
94491
94541
94550
94575
94581
94597
94618
94645
94669
94689
94696
94765
94785
94794
94820
94821
94828
94837
94847
94853
94886
94897
94924
94937
94959
94977
94987
94991
94993
95011
95076
95088
95115
95118
95155
95157
95182
95220
95225
95235
95237
95251
95282
95294
95343
95372
95377
95380
95384
95404
95413
95426
95427
95474
95512
95517
95536
95609
95631
95632
95673
95674
95708
95735
95750
95770
95776
95782
95806
95816
95819
95821
95830
95839
95849
95892
95893
95909
95951
95957
95977
96008
96015
96029
96049
96060
96066
96100
96120
96137
96148
96149
96240
96250
96254
96264
96305
96321
96338
96344
96350
96365
96394
96402
96479
96530
96567
96577
96592
96631
96643
96674
96686
96746
96747
96750
96760
96767
96772
96785
96791
96803
96833
96865
96879
96908
96922
96924
96928
96930
96937
96945
96950
96975
96977
97008
97028
97032
97048
97089
97091
97151
97158
97232
97243
97267
97301
97307
97308
97310
97314
97322
97339
97380
97395
97417
97422
97441
97476
97488
97525
97529
97543
97547
97565
97567
97581
97591
97599
97659
97660
97689
97772
97773
97782
97786
97799
97801
97803
97813
97818
97830
97834
97885
97893
97916
97917
97924
97932
98070
98169
98174
98182
98204
98206
98220
98226
98242
98253
98256
98263
98276
98280
98295
98336
98347
98382
98385
98390
98400
98434
98452
98484
98494
98514
98562
98593
98615
98640
98647
98698
98720
98759
98761
98769
98887
98932
98944
98961
98973
98991
98994
99008
99017
99038
99064
99102
99110
99111
99115
99120
99166
99255
99256
99283
99286
99358
99366
99380
99383
99412
99448
99467
99499
99527
99556
99589
99599
99611
99650
99659
99666
99707
99714
99715
99762
99776
99797
99802
99832
99836
99863
99865
99883
99894
99955
99982
99983
99999
